(kicad_pcb (version 20171130) (host pcbnew "(5.1.2)-2")

  (general
    (thickness 1.6)
    (drawings 10)
    (tracks 1797)
    (zones 0)
    (modules 224)
    (nets 143)
  )

  (page A4)
  (layers
    (0 F.Cu signal)
    (31 B.Cu signal)
    (32 B.Adhes user)
    (33 F.Adhes user)
    (34 B.Paste user)
    (35 F.Paste user)
    (36 B.SilkS user)
    (37 F.SilkS user)
    (38 B.Mask user)
    (39 F.Mask user)
    (40 Dwgs.User user)
    (41 Cmts.User user)
    (42 Eco1.User user)
    (43 Eco2.User user)
    (44 Edge.Cuts user)
    (45 Margin user)
    (46 B.CrtYd user)
    (47 F.CrtYd user)
    (48 B.Fab user)
    (49 F.Fab user)
  )

  (setup
    (last_trace_width 0.25)
    (trace_clearance 0.2)
    (zone_clearance 0.508)
    (zone_45_only no)
    (trace_min 0.2)
    (via_size 0.8)
    (via_drill 0.4)
    (via_min_size 0.4)
    (via_min_drill 0.3)
    (uvia_size 0.3)
    (uvia_drill 0.1)
    (uvias_allowed no)
    (uvia_min_size 0.2)
    (uvia_min_drill 0.1)
    (edge_width 0.05)
    (segment_width 0.2)
    (pcb_text_width 0.3)
    (pcb_text_size 1.5 1.5)
    (mod_edge_width 0.12)
    (mod_text_size 1 1)
    (mod_text_width 0.15)
    (pad_size 1.524 1.524)
    (pad_drill 0.762)
    (pad_to_mask_clearance 0.051)
    (solder_mask_min_width 0.25)
    (aux_axis_origin 0 0)
    (visible_elements 7FFFFFFF)
    (pcbplotparams
      (layerselection 0x010fc_ffffffff)
      (usegerberextensions false)
      (usegerberattributes false)
      (usegerberadvancedattributes false)
      (creategerberjobfile false)
      (excludeedgelayer true)
      (linewidth 0.100000)
      (plotframeref false)
      (viasonmask false)
      (mode 1)
      (useauxorigin false)
      (hpglpennumber 1)
      (hpglpenspeed 20)
      (hpglpendiameter 15.000000)
      (psnegative false)
      (psa4output false)
      (plotreference true)
      (plotvalue true)
      (plotinvisibletext false)
      (padsonsilk false)
      (subtractmaskfromsilk false)
      (outputformat 3)
      (mirror false)
      (drillshape 0)
      (scaleselection 1)
      (outputdirectory "G:/Documents/Code/CAD clavier/"))
  )

  (net 0 "")
  (net 1 +5V)
  (net 2 VCC)
  (net 3 "Net-(C6-Pad1)")
  (net 4 "Net-(C7-Pad1)")
  (net 5 "Net-(C8-Pad1)")
  (net 6 "Net-(D1-Pad2)")
  (net 7 /row0)
  (net 8 "Net-(D2-Pad2)")
  (net 9 "Net-(D3-Pad2)")
  (net 10 "Net-(D4-Pad2)")
  (net 11 "Net-(D5-Pad2)")
  (net 12 "Net-(D6-Pad2)")
  (net 13 "Net-(D7-Pad2)")
  (net 14 "Net-(D8-Pad2)")
  (net 15 "Net-(D9-Pad2)")
  (net 16 "Net-(D10-Pad2)")
  (net 17 "Net-(D11-Pad2)")
  (net 18 "Net-(D12-Pad2)")
  (net 19 "Net-(D13-Pad2)")
  (net 20 "Net-(D14-Pad2)")
  (net 21 "Net-(D15-Pad2)")
  (net 22 "Net-(D16-Pad2)")
  (net 23 "Net-(D17-Pad2)")
  (net 24 "Net-(D18-Pad2)")
  (net 25 "Net-(D19-Pad2)")
  (net 26 /row1)
  (net 27 "Net-(D20-Pad2)")
  (net 28 "Net-(D21-Pad2)")
  (net 29 "Net-(D22-Pad2)")
  (net 30 "Net-(D23-Pad2)")
  (net 31 "Net-(D24-Pad2)")
  (net 32 "Net-(D25-Pad2)")
  (net 33 "Net-(D26-Pad2)")
  (net 34 "Net-(D27-Pad2)")
  (net 35 "Net-(D28-Pad2)")
  (net 36 "Net-(D29-Pad2)")
  (net 37 "Net-(D30-Pad2)")
  (net 38 "Net-(D31-Pad2)")
  (net 39 "Net-(D32-Pad2)")
  (net 40 "Net-(D33-Pad2)")
  (net 41 "Net-(D34-Pad2)")
  (net 42 "Net-(D35-Pad2)")
  (net 43 "Net-(D36-Pad2)")
  (net 44 "Net-(D37-Pad2)")
  (net 45 /row2)
  (net 46 "Net-(D38-Pad2)")
  (net 47 "Net-(D39-Pad2)")
  (net 48 "Net-(D40-Pad2)")
  (net 49 "Net-(D41-Pad2)")
  (net 50 "Net-(D42-Pad2)")
  (net 51 "Net-(D43-Pad2)")
  (net 52 "Net-(D44-Pad2)")
  (net 53 "Net-(D45-Pad2)")
  (net 54 "Net-(D46-Pad2)")
  (net 55 "Net-(D47-Pad2)")
  (net 56 "Net-(D48-Pad2)")
  (net 57 "Net-(D49-Pad2)")
  (net 58 "Net-(D50-Pad2)")
  (net 59 "Net-(D51-Pad2)")
  (net 60 "Net-(D52-Pad2)")
  (net 61 "Net-(D53-Pad2)")
  (net 62 "Net-(D54-Pad2)")
  (net 63 "Net-(D55-Pad2)")
  (net 64 /row3)
  (net 65 "Net-(D56-Pad2)")
  (net 66 "Net-(D57-Pad2)")
  (net 67 "Net-(D58-Pad2)")
  (net 68 "Net-(D59-Pad2)")
  (net 69 "Net-(D60-Pad2)")
  (net 70 "Net-(D61-Pad2)")
  (net 71 "Net-(D62-Pad2)")
  (net 72 "Net-(D63-Pad2)")
  (net 73 "Net-(D64-Pad2)")
  (net 74 "Net-(D65-Pad2)")
  (net 75 "Net-(D66-Pad2)")
  (net 76 "Net-(D67-Pad2)")
  (net 77 "Net-(D68-Pad2)")
  (net 78 "Net-(D69-Pad2)")
  (net 79 "Net-(D70-Pad2)")
  (net 80 "Net-(D71-Pad2)")
  (net 81 "Net-(D72-Pad2)")
  (net 82 "Net-(D73-Pad2)")
  (net 83 /row4)
  (net 84 "Net-(D74-Pad2)")
  (net 85 "Net-(D75-Pad2)")
  (net 86 "Net-(D76-Pad2)")
  (net 87 "Net-(D77-Pad2)")
  (net 88 "Net-(D78-Pad2)")
  (net 89 "Net-(D79-Pad2)")
  (net 90 "Net-(D80-Pad2)")
  (net 91 "Net-(D81-Pad2)")
  (net 92 "Net-(D82-Pad2)")
  (net 93 "Net-(D83-Pad2)")
  (net 94 "Net-(D84-Pad2)")
  (net 95 "Net-(D85-Pad2)")
  (net 96 "Net-(D86-Pad2)")
  (net 97 "Net-(D87-Pad2)")
  (net 98 "Net-(D88-Pad2)")
  (net 99 "Net-(D89-Pad2)")
  (net 100 "Net-(D90-Pad2)")
  (net 101 "Net-(D91-Pad2)")
  (net 102 /row5)
  (net 103 "Net-(D92-Pad2)")
  (net 104 "Net-(D93-Pad2)")
  (net 105 "Net-(D94-Pad2)")
  (net 106 "Net-(D95-Pad2)")
  (net 107 "Net-(D96-Pad2)")
  (net 108 "Net-(D97-Pad2)")
  (net 109 "Net-(D98-Pad2)")
  (net 110 "Net-(D99-Pad2)")
  (net 111 "Net-(D100-Pad2)")
  (net 112 "Net-(D101-Pad2)")
  (net 113 "Net-(D102-Pad2)")
  (net 114 "Net-(D103-Pad2)")
  (net 115 "Net-(D104-Pad2)")
  (net 116 "Net-(J1-Pad2)")
  (net 117 "Net-(J1-Pad3)")
  (net 118 "Net-(J1-Pad4)")
  (net 119 /col0)
  (net 120 /col1)
  (net 121 /col2)
  (net 122 /col3)
  (net 123 /col4)
  (net 124 /col5)
  (net 125 /col6)
  (net 126 /col7)
  (net 127 /col8)
  (net 128 /col9)
  (net 129 /col10)
  (net 130 /col11)
  (net 131 /col12)
  (net 132 /col13)
  (net 133 /col14)
  (net 134 /col15)
  (net 135 /col16)
  (net 136 /col17)
  (net 137 "Net-(R1-Pad2)")
  (net 138 "Net-(R2-Pad2)")
  (net 139 "Net-(R3-Pad2)")
  (net 140 "Net-(R4-Pad2)")
  (net 141 "Net-(U1-Pad1)")
  (net 142 "Net-(U1-Pad42)")

  (net_class Default "Ceci est la Netclass par défaut."
    (clearance 0.2)
    (trace_width 0.25)
    (via_dia 0.8)
    (via_drill 0.4)
    (uvia_dia 0.3)
    (uvia_drill 0.1)
    (add_net +5V)
    (add_net /col0)
    (add_net /col1)
    (add_net /col10)
    (add_net /col11)
    (add_net /col12)
    (add_net /col13)
    (add_net /col14)
    (add_net /col15)
    (add_net /col16)
    (add_net /col17)
    (add_net /col2)
    (add_net /col3)
    (add_net /col4)
    (add_net /col5)
    (add_net /col6)
    (add_net /col7)
    (add_net /col8)
    (add_net /col9)
    (add_net /row0)
    (add_net /row1)
    (add_net /row2)
    (add_net /row3)
    (add_net /row4)
    (add_net /row5)
    (add_net "Net-(C6-Pad1)")
    (add_net "Net-(C7-Pad1)")
    (add_net "Net-(C8-Pad1)")
    (add_net "Net-(D1-Pad2)")
    (add_net "Net-(D10-Pad2)")
    (add_net "Net-(D100-Pad2)")
    (add_net "Net-(D101-Pad2)")
    (add_net "Net-(D102-Pad2)")
    (add_net "Net-(D103-Pad2)")
    (add_net "Net-(D104-Pad2)")
    (add_net "Net-(D11-Pad2)")
    (add_net "Net-(D12-Pad2)")
    (add_net "Net-(D13-Pad2)")
    (add_net "Net-(D14-Pad2)")
    (add_net "Net-(D15-Pad2)")
    (add_net "Net-(D16-Pad2)")
    (add_net "Net-(D17-Pad2)")
    (add_net "Net-(D18-Pad2)")
    (add_net "Net-(D19-Pad2)")
    (add_net "Net-(D2-Pad2)")
    (add_net "Net-(D20-Pad2)")
    (add_net "Net-(D21-Pad2)")
    (add_net "Net-(D22-Pad2)")
    (add_net "Net-(D23-Pad2)")
    (add_net "Net-(D24-Pad2)")
    (add_net "Net-(D25-Pad2)")
    (add_net "Net-(D26-Pad2)")
    (add_net "Net-(D27-Pad2)")
    (add_net "Net-(D28-Pad2)")
    (add_net "Net-(D29-Pad2)")
    (add_net "Net-(D3-Pad2)")
    (add_net "Net-(D30-Pad2)")
    (add_net "Net-(D31-Pad2)")
    (add_net "Net-(D32-Pad2)")
    (add_net "Net-(D33-Pad2)")
    (add_net "Net-(D34-Pad2)")
    (add_net "Net-(D35-Pad2)")
    (add_net "Net-(D36-Pad2)")
    (add_net "Net-(D37-Pad2)")
    (add_net "Net-(D38-Pad2)")
    (add_net "Net-(D39-Pad2)")
    (add_net "Net-(D4-Pad2)")
    (add_net "Net-(D40-Pad2)")
    (add_net "Net-(D41-Pad2)")
    (add_net "Net-(D42-Pad2)")
    (add_net "Net-(D43-Pad2)")
    (add_net "Net-(D44-Pad2)")
    (add_net "Net-(D45-Pad2)")
    (add_net "Net-(D46-Pad2)")
    (add_net "Net-(D47-Pad2)")
    (add_net "Net-(D48-Pad2)")
    (add_net "Net-(D49-Pad2)")
    (add_net "Net-(D5-Pad2)")
    (add_net "Net-(D50-Pad2)")
    (add_net "Net-(D51-Pad2)")
    (add_net "Net-(D52-Pad2)")
    (add_net "Net-(D53-Pad2)")
    (add_net "Net-(D54-Pad2)")
    (add_net "Net-(D55-Pad2)")
    (add_net "Net-(D56-Pad2)")
    (add_net "Net-(D57-Pad2)")
    (add_net "Net-(D58-Pad2)")
    (add_net "Net-(D59-Pad2)")
    (add_net "Net-(D6-Pad2)")
    (add_net "Net-(D60-Pad2)")
    (add_net "Net-(D61-Pad2)")
    (add_net "Net-(D62-Pad2)")
    (add_net "Net-(D63-Pad2)")
    (add_net "Net-(D64-Pad2)")
    (add_net "Net-(D65-Pad2)")
    (add_net "Net-(D66-Pad2)")
    (add_net "Net-(D67-Pad2)")
    (add_net "Net-(D68-Pad2)")
    (add_net "Net-(D69-Pad2)")
    (add_net "Net-(D7-Pad2)")
    (add_net "Net-(D70-Pad2)")
    (add_net "Net-(D71-Pad2)")
    (add_net "Net-(D72-Pad2)")
    (add_net "Net-(D73-Pad2)")
    (add_net "Net-(D74-Pad2)")
    (add_net "Net-(D75-Pad2)")
    (add_net "Net-(D76-Pad2)")
    (add_net "Net-(D77-Pad2)")
    (add_net "Net-(D78-Pad2)")
    (add_net "Net-(D79-Pad2)")
    (add_net "Net-(D8-Pad2)")
    (add_net "Net-(D80-Pad2)")
    (add_net "Net-(D81-Pad2)")
    (add_net "Net-(D82-Pad2)")
    (add_net "Net-(D83-Pad2)")
    (add_net "Net-(D84-Pad2)")
    (add_net "Net-(D85-Pad2)")
    (add_net "Net-(D86-Pad2)")
    (add_net "Net-(D87-Pad2)")
    (add_net "Net-(D88-Pad2)")
    (add_net "Net-(D89-Pad2)")
    (add_net "Net-(D9-Pad2)")
    (add_net "Net-(D90-Pad2)")
    (add_net "Net-(D91-Pad2)")
    (add_net "Net-(D92-Pad2)")
    (add_net "Net-(D93-Pad2)")
    (add_net "Net-(D94-Pad2)")
    (add_net "Net-(D95-Pad2)")
    (add_net "Net-(D96-Pad2)")
    (add_net "Net-(D97-Pad2)")
    (add_net "Net-(D98-Pad2)")
    (add_net "Net-(D99-Pad2)")
    (add_net "Net-(J1-Pad2)")
    (add_net "Net-(J1-Pad3)")
    (add_net "Net-(J1-Pad4)")
    (add_net "Net-(R1-Pad2)")
    (add_net "Net-(R2-Pad2)")
    (add_net "Net-(R3-Pad2)")
    (add_net "Net-(R4-Pad2)")
    (add_net "Net-(U1-Pad1)")
    (add_net "Net-(U1-Pad42)")
    (add_net VCC)
  )

  (module Package_QFP:TQFP-44_10x10mm_P0.8mm (layer B.Cu) (tedit 5A02F146) (tstamp 5D2D3C67)
    (at 154.354999 -6.625001 90)
    (descr "44-Lead Plastic Thin Quad Flatpack (PT) - 10x10x1.0 mm Body [TQFP] (see Microchip Packaging Specification 00000049BS.pdf)")
    (tags "QFP 0.8")
    (path /5D230D3C)
    (attr smd)
    (fp_text reference U1 (at 0 7.45 90) (layer B.SilkS)
      (effects (font (size 1 1) (thickness 0.15)) (justify mirror))
    )
    (fp_text value ATMEGA32U4 (at 0 -7.45 90) (layer B.Fab)
      (effects (font (size 1 1) (thickness 0.15)) (justify mirror))
    )
    (fp_text user %R (at 0 0 90) (layer B.Fab)
      (effects (font (size 1 1) (thickness 0.15)) (justify mirror))
    )
    (fp_line (start -4 5) (end 5 5) (layer B.Fab) (width 0.15))
    (fp_line (start 5 5) (end 5 -5) (layer B.Fab) (width 0.15))
    (fp_line (start 5 -5) (end -5 -5) (layer B.Fab) (width 0.15))
    (fp_line (start -5 -5) (end -5 4) (layer B.Fab) (width 0.15))
    (fp_line (start -5 4) (end -4 5) (layer B.Fab) (width 0.15))
    (fp_line (start -6.7 6.7) (end -6.7 -6.7) (layer B.CrtYd) (width 0.05))
    (fp_line (start 6.7 6.7) (end 6.7 -6.7) (layer B.CrtYd) (width 0.05))
    (fp_line (start -6.7 6.7) (end 6.7 6.7) (layer B.CrtYd) (width 0.05))
    (fp_line (start -6.7 -6.7) (end 6.7 -6.7) (layer B.CrtYd) (width 0.05))
    (fp_line (start -5.175 5.175) (end -5.175 4.6) (layer B.SilkS) (width 0.15))
    (fp_line (start 5.175 5.175) (end 5.175 4.5) (layer B.SilkS) (width 0.15))
    (fp_line (start 5.175 -5.175) (end 5.175 -4.5) (layer B.SilkS) (width 0.15))
    (fp_line (start -5.175 -5.175) (end -5.175 -4.5) (layer B.SilkS) (width 0.15))
    (fp_line (start -5.175 5.175) (end -4.5 5.175) (layer B.SilkS) (width 0.15))
    (fp_line (start -5.175 -5.175) (end -4.5 -5.175) (layer B.SilkS) (width 0.15))
    (fp_line (start 5.175 -5.175) (end 4.5 -5.175) (layer B.SilkS) (width 0.15))
    (fp_line (start 5.175 5.175) (end 4.5 5.175) (layer B.SilkS) (width 0.15))
    (fp_line (start -5.175 4.6) (end -6.45 4.6) (layer B.SilkS) (width 0.15))
    (pad 1 smd rect (at -5.7 4 90) (size 1.5 0.55) (layers B.Cu B.Paste B.Mask)
      (net 141 "Net-(U1-Pad1)"))
    (pad 2 smd rect (at -5.7 3.2 90) (size 1.5 0.55) (layers B.Cu B.Paste B.Mask)
      (net 2 VCC))
    (pad 3 smd rect (at -5.7 2.4 90) (size 1.5 0.55) (layers B.Cu B.Paste B.Mask)
      (net 137 "Net-(R1-Pad2)"))
    (pad 4 smd rect (at -5.7 1.6 90) (size 1.5 0.55) (layers B.Cu B.Paste B.Mask)
      (net 138 "Net-(R2-Pad2)"))
    (pad 5 smd rect (at -5.7 0.8 90) (size 1.5 0.55) (layers B.Cu B.Paste B.Mask)
      (net 1 +5V))
    (pad 6 smd rect (at -5.7 0 90) (size 1.5 0.55) (layers B.Cu B.Paste B.Mask)
      (net 3 "Net-(C6-Pad1)"))
    (pad 7 smd rect (at -5.7 -0.8 90) (size 1.5 0.55) (layers B.Cu B.Paste B.Mask)
      (net 2 VCC))
    (pad 8 smd rect (at -5.7 -1.6 90) (size 1.5 0.55) (layers B.Cu B.Paste B.Mask)
      (net 119 /col0))
    (pad 9 smd rect (at -5.7 -2.4 90) (size 1.5 0.55) (layers B.Cu B.Paste B.Mask)
      (net 120 /col1))
    (pad 10 smd rect (at -5.7 -3.2 90) (size 1.5 0.55) (layers B.Cu B.Paste B.Mask)
      (net 121 /col2))
    (pad 11 smd rect (at -5.7 -4 90) (size 1.5 0.55) (layers B.Cu B.Paste B.Mask)
      (net 122 /col3))
    (pad 12 smd rect (at -4 -5.7) (size 1.5 0.55) (layers B.Cu B.Paste B.Mask)
      (net 123 /col4))
    (pad 13 smd rect (at -3.2 -5.7) (size 1.5 0.55) (layers B.Cu B.Paste B.Mask)
      (net 139 "Net-(R3-Pad2)"))
    (pad 14 smd rect (at -2.4 -5.7) (size 1.5 0.55) (layers B.Cu B.Paste B.Mask)
      (net 2 VCC))
    (pad 15 smd rect (at -1.6 -5.7) (size 1.5 0.55) (layers B.Cu B.Paste B.Mask)
      (net 1 +5V))
    (pad 16 smd rect (at -0.8 -5.7) (size 1.5 0.55) (layers B.Cu B.Paste B.Mask)
      (net 4 "Net-(C7-Pad1)"))
    (pad 17 smd rect (at 0 -5.7) (size 1.5 0.55) (layers B.Cu B.Paste B.Mask)
      (net 5 "Net-(C8-Pad1)"))
    (pad 18 smd rect (at 0.8 -5.7) (size 1.5 0.55) (layers B.Cu B.Paste B.Mask)
      (net 124 /col5))
    (pad 19 smd rect (at 1.6 -5.7) (size 1.5 0.55) (layers B.Cu B.Paste B.Mask)
      (net 125 /col6))
    (pad 20 smd rect (at 2.4 -5.7) (size 1.5 0.55) (layers B.Cu B.Paste B.Mask)
      (net 126 /col7))
    (pad 21 smd rect (at 3.2 -5.7) (size 1.5 0.55) (layers B.Cu B.Paste B.Mask)
      (net 127 /col8))
    (pad 22 smd rect (at 4 -5.7) (size 1.5 0.55) (layers B.Cu B.Paste B.Mask)
      (net 128 /col9))
    (pad 23 smd rect (at 5.7 -4 90) (size 1.5 0.55) (layers B.Cu B.Paste B.Mask)
      (net 1 +5V))
    (pad 24 smd rect (at 5.7 -3.2 90) (size 1.5 0.55) (layers B.Cu B.Paste B.Mask)
      (net 2 VCC))
    (pad 25 smd rect (at 5.7 -2.4 90) (size 1.5 0.55) (layers B.Cu B.Paste B.Mask)
      (net 136 /col17))
    (pad 26 smd rect (at 5.7 -1.6 90) (size 1.5 0.55) (layers B.Cu B.Paste B.Mask)
      (net 135 /col16))
    (pad 27 smd rect (at 5.7 -0.8 90) (size 1.5 0.55) (layers B.Cu B.Paste B.Mask)
      (net 134 /col15))
    (pad 28 smd rect (at 5.7 0 90) (size 1.5 0.55) (layers B.Cu B.Paste B.Mask)
      (net 133 /col14))
    (pad 29 smd rect (at 5.7 0.8 90) (size 1.5 0.55) (layers B.Cu B.Paste B.Mask)
      (net 132 /col13))
    (pad 30 smd rect (at 5.7 1.6 90) (size 1.5 0.55) (layers B.Cu B.Paste B.Mask)
      (net 131 /col12))
    (pad 31 smd rect (at 5.7 2.4 90) (size 1.5 0.55) (layers B.Cu B.Paste B.Mask)
      (net 130 /col11))
    (pad 32 smd rect (at 5.7 3.2 90) (size 1.5 0.55) (layers B.Cu B.Paste B.Mask)
      (net 129 /col10))
    (pad 33 smd rect (at 5.7 4 90) (size 1.5 0.55) (layers B.Cu B.Paste B.Mask)
      (net 140 "Net-(R4-Pad2)"))
    (pad 34 smd rect (at 4 5.7) (size 1.5 0.55) (layers B.Cu B.Paste B.Mask)
      (net 2 VCC))
    (pad 35 smd rect (at 3.2 5.7) (size 1.5 0.55) (layers B.Cu B.Paste B.Mask)
      (net 1 +5V))
    (pad 36 smd rect (at 2.4 5.7) (size 1.5 0.55) (layers B.Cu B.Paste B.Mask)
      (net 102 /row5))
    (pad 37 smd rect (at 1.6 5.7) (size 1.5 0.55) (layers B.Cu B.Paste B.Mask)
      (net 83 /row4))
    (pad 38 smd rect (at 0.8 5.7) (size 1.5 0.55) (layers B.Cu B.Paste B.Mask)
      (net 64 /row3))
    (pad 39 smd rect (at 0 5.7) (size 1.5 0.55) (layers B.Cu B.Paste B.Mask)
      (net 45 /row2))
    (pad 40 smd rect (at -0.8 5.7) (size 1.5 0.55) (layers B.Cu B.Paste B.Mask)
      (net 26 /row1))
    (pad 41 smd rect (at -1.6 5.7) (size 1.5 0.55) (layers B.Cu B.Paste B.Mask)
      (net 7 /row0))
    (pad 42 smd rect (at -2.4 5.7) (size 1.5 0.55) (layers B.Cu B.Paste B.Mask)
      (net 142 "Net-(U1-Pad42)"))
    (pad 43 smd rect (at -3.2 5.7) (size 1.5 0.55) (layers B.Cu B.Paste B.Mask)
      (net 1 +5V))
    (pad 44 smd rect (at -4 5.7) (size 1.5 0.55) (layers B.Cu B.Paste B.Mask)
      (net 2 VCC))
    (model ${KISYS3DMOD}/Package_QFP.3dshapes/TQFP-44_10x10mm_P0.8mm.wrl
      (at (xyz 0 0 0))
      (scale (xyz 1 1 1))
      (rotate (xyz 0 0 0))
    )
  )

  (module Capacitor_SMD:C_0805_2012Metric_Pad1.15x1.40mm_HandSolder (layer B.Cu) (tedit 5B36C52B) (tstamp 5D2D3A94)
    (at 149.425 4.6 180)
    (descr "Capacitor SMD 0805 (2012 Metric), square (rectangular) end terminal, IPC_7351 nominal with elongated pad for handsoldering. (Body size source: https://docs.google.com/spreadsheets/d/1BsfQQcO9C6DZCsRaXUlFlo91Tg2WpOkGARC1WS5S8t0/edit?usp=sharing), generated with kicad-footprint-generator")
    (tags "capacitor handsolder")
    (path /5D2627C8)
    (attr smd)
    (fp_text reference C1 (at 0 1.65) (layer B.SilkS)
      (effects (font (size 1 1) (thickness 0.15)) (justify mirror))
    )
    (fp_text value 0.1u (at 0 -1.65) (layer B.Fab)
      (effects (font (size 1 1) (thickness 0.15)) (justify mirror))
    )
    (fp_text user %R (at 0 0) (layer B.Fab)
      (effects (font (size 0.5 0.5) (thickness 0.08)) (justify mirror))
    )
    (fp_line (start 1.85 -0.95) (end -1.85 -0.95) (layer B.CrtYd) (width 0.05))
    (fp_line (start 1.85 0.95) (end 1.85 -0.95) (layer B.CrtYd) (width 0.05))
    (fp_line (start -1.85 0.95) (end 1.85 0.95) (layer B.CrtYd) (width 0.05))
    (fp_line (start -1.85 -0.95) (end -1.85 0.95) (layer B.CrtYd) (width 0.05))
    (fp_line (start -0.261252 -0.71) (end 0.261252 -0.71) (layer B.SilkS) (width 0.12))
    (fp_line (start -0.261252 0.71) (end 0.261252 0.71) (layer B.SilkS) (width 0.12))
    (fp_line (start 1 -0.6) (end -1 -0.6) (layer B.Fab) (width 0.1))
    (fp_line (start 1 0.6) (end 1 -0.6) (layer B.Fab) (width 0.1))
    (fp_line (start -1 0.6) (end 1 0.6) (layer B.Fab) (width 0.1))
    (fp_line (start -1 -0.6) (end -1 0.6) (layer B.Fab) (width 0.1))
    (pad 2 smd roundrect (at 1.025 0 180) (size 1.15 1.4) (layers B.Cu B.Paste B.Mask) (roundrect_rratio 0.217391)
      (net 1 +5V))
    (pad 1 smd roundrect (at -1.025 0 180) (size 1.15 1.4) (layers B.Cu B.Paste B.Mask) (roundrect_rratio 0.217391)
      (net 2 VCC))
    (model ${KISYS3DMOD}/Capacitor_SMD.3dshapes/C_0805_2012Metric.wrl
      (at (xyz 0 0 0))
      (scale (xyz 1 1 1))
      (rotate (xyz 0 0 0))
    )
  )

  (module Capacitor_SMD:C_0805_2012Metric_Pad1.15x1.40mm_HandSolder (layer B.Cu) (tedit 5B36C52B) (tstamp 5D2D3AF4)
    (at 149.475 -16)
    (descr "Capacitor SMD 0805 (2012 Metric), square (rectangular) end terminal, IPC_7351 nominal with elongated pad for handsoldering. (Body size source: https://docs.google.com/spreadsheets/d/1BsfQQcO9C6DZCsRaXUlFlo91Tg2WpOkGARC1WS5S8t0/edit?usp=sharing), generated with kicad-footprint-generator")
    (tags "capacitor handsolder")
    (path /5D2634BC)
    (attr smd)
    (fp_text reference C2 (at 0 1.65) (layer B.SilkS)
      (effects (font (size 1 1) (thickness 0.15)) (justify mirror))
    )
    (fp_text value 0.1u (at 0 -1.65) (layer B.Fab)
      (effects (font (size 1 1) (thickness 0.15)) (justify mirror))
    )
    (fp_text user %R (at 0 0) (layer B.Fab)
      (effects (font (size 0.5 0.5) (thickness 0.08)) (justify mirror))
    )
    (fp_line (start 1.85 -0.95) (end -1.85 -0.95) (layer B.CrtYd) (width 0.05))
    (fp_line (start 1.85 0.95) (end 1.85 -0.95) (layer B.CrtYd) (width 0.05))
    (fp_line (start -1.85 0.95) (end 1.85 0.95) (layer B.CrtYd) (width 0.05))
    (fp_line (start -1.85 -0.95) (end -1.85 0.95) (layer B.CrtYd) (width 0.05))
    (fp_line (start -0.261252 -0.71) (end 0.261252 -0.71) (layer B.SilkS) (width 0.12))
    (fp_line (start -0.261252 0.71) (end 0.261252 0.71) (layer B.SilkS) (width 0.12))
    (fp_line (start 1 -0.6) (end -1 -0.6) (layer B.Fab) (width 0.1))
    (fp_line (start 1 0.6) (end 1 -0.6) (layer B.Fab) (width 0.1))
    (fp_line (start -1 0.6) (end 1 0.6) (layer B.Fab) (width 0.1))
    (fp_line (start -1 -0.6) (end -1 0.6) (layer B.Fab) (width 0.1))
    (pad 2 smd roundrect (at 1.025 0) (size 1.15 1.4) (layers B.Cu B.Paste B.Mask) (roundrect_rratio 0.217391)
      (net 1 +5V))
    (pad 1 smd roundrect (at -1.025 0) (size 1.15 1.4) (layers B.Cu B.Paste B.Mask) (roundrect_rratio 0.217391)
      (net 2 VCC))
    (model ${KISYS3DMOD}/Capacitor_SMD.3dshapes/C_0805_2012Metric.wrl
      (at (xyz 0 0 0))
      (scale (xyz 1 1 1))
      (rotate (xyz 0 0 0))
    )
  )

  (module Capacitor_SMD:C_0805_2012Metric_Pad1.15x1.40mm_HandSolder (layer B.Cu) (tedit 5B36C52B) (tstamp 5D2D3A34)
    (at 157.675 -16)
    (descr "Capacitor SMD 0805 (2012 Metric), square (rectangular) end terminal, IPC_7351 nominal with elongated pad for handsoldering. (Body size source: https://docs.google.com/spreadsheets/d/1BsfQQcO9C6DZCsRaXUlFlo91Tg2WpOkGARC1WS5S8t0/edit?usp=sharing), generated with kicad-footprint-generator")
    (tags "capacitor handsolder")
    (path /5D263970)
    (attr smd)
    (fp_text reference C3 (at 0 1.65) (layer B.SilkS)
      (effects (font (size 1 1) (thickness 0.15)) (justify mirror))
    )
    (fp_text value 0.1u (at 0 -1.65) (layer B.Fab)
      (effects (font (size 1 1) (thickness 0.15)) (justify mirror))
    )
    (fp_line (start -1 -0.6) (end -1 0.6) (layer B.Fab) (width 0.1))
    (fp_line (start -1 0.6) (end 1 0.6) (layer B.Fab) (width 0.1))
    (fp_line (start 1 0.6) (end 1 -0.6) (layer B.Fab) (width 0.1))
    (fp_line (start 1 -0.6) (end -1 -0.6) (layer B.Fab) (width 0.1))
    (fp_line (start -0.261252 0.71) (end 0.261252 0.71) (layer B.SilkS) (width 0.12))
    (fp_line (start -0.261252 -0.71) (end 0.261252 -0.71) (layer B.SilkS) (width 0.12))
    (fp_line (start -1.85 -0.95) (end -1.85 0.95) (layer B.CrtYd) (width 0.05))
    (fp_line (start -1.85 0.95) (end 1.85 0.95) (layer B.CrtYd) (width 0.05))
    (fp_line (start 1.85 0.95) (end 1.85 -0.95) (layer B.CrtYd) (width 0.05))
    (fp_line (start 1.85 -0.95) (end -1.85 -0.95) (layer B.CrtYd) (width 0.05))
    (fp_text user %R (at 0 0) (layer B.Fab)
      (effects (font (size 0.5 0.5) (thickness 0.08)) (justify mirror))
    )
    (pad 1 smd roundrect (at -1.025 0) (size 1.15 1.4) (layers B.Cu B.Paste B.Mask) (roundrect_rratio 0.217391)
      (net 2 VCC))
    (pad 2 smd roundrect (at 1.025 0) (size 1.15 1.4) (layers B.Cu B.Paste B.Mask) (roundrect_rratio 0.217391)
      (net 1 +5V))
    (model ${KISYS3DMOD}/Capacitor_SMD.3dshapes/C_0805_2012Metric.wrl
      (at (xyz 0 0 0))
      (scale (xyz 1 1 1))
      (rotate (xyz 0 0 0))
    )
  )

  (module Capacitor_SMD:C_0805_2012Metric_Pad1.15x1.40mm_HandSolder (layer B.Cu) (tedit 5B36C52B) (tstamp 5D2D3A64)
    (at 141.775 4.7 180)
    (descr "Capacitor SMD 0805 (2012 Metric), square (rectangular) end terminal, IPC_7351 nominal with elongated pad for handsoldering. (Body size source: https://docs.google.com/spreadsheets/d/1BsfQQcO9C6DZCsRaXUlFlo91Tg2WpOkGARC1WS5S8t0/edit?usp=sharing), generated with kicad-footprint-generator")
    (tags "capacitor handsolder")
    (path /5D263C7C)
    (attr smd)
    (fp_text reference C4 (at 0 1.65) (layer B.SilkS)
      (effects (font (size 1 1) (thickness 0.15)) (justify mirror))
    )
    (fp_text value 0.1u (at 0 -1.65) (layer B.Fab)
      (effects (font (size 1 1) (thickness 0.15)) (justify mirror))
    )
    (fp_text user %R (at 0 0) (layer B.Fab)
      (effects (font (size 0.5 0.5) (thickness 0.08)) (justify mirror))
    )
    (fp_line (start 1.85 -0.95) (end -1.85 -0.95) (layer B.CrtYd) (width 0.05))
    (fp_line (start 1.85 0.95) (end 1.85 -0.95) (layer B.CrtYd) (width 0.05))
    (fp_line (start -1.85 0.95) (end 1.85 0.95) (layer B.CrtYd) (width 0.05))
    (fp_line (start -1.85 -0.95) (end -1.85 0.95) (layer B.CrtYd) (width 0.05))
    (fp_line (start -0.261252 -0.71) (end 0.261252 -0.71) (layer B.SilkS) (width 0.12))
    (fp_line (start -0.261252 0.71) (end 0.261252 0.71) (layer B.SilkS) (width 0.12))
    (fp_line (start 1 -0.6) (end -1 -0.6) (layer B.Fab) (width 0.1))
    (fp_line (start 1 0.6) (end 1 -0.6) (layer B.Fab) (width 0.1))
    (fp_line (start -1 0.6) (end 1 0.6) (layer B.Fab) (width 0.1))
    (fp_line (start -1 -0.6) (end -1 0.6) (layer B.Fab) (width 0.1))
    (pad 2 smd roundrect (at 1.025 0 180) (size 1.15 1.4) (layers B.Cu B.Paste B.Mask) (roundrect_rratio 0.217391)
      (net 1 +5V))
    (pad 1 smd roundrect (at -1.025 0 180) (size 1.15 1.4) (layers B.Cu B.Paste B.Mask) (roundrect_rratio 0.217391)
      (net 2 VCC))
    (model ${KISYS3DMOD}/Capacitor_SMD.3dshapes/C_0805_2012Metric.wrl
      (at (xyz 0 0 0))
      (scale (xyz 1 1 1))
      (rotate (xyz 0 0 0))
    )
  )

  (module Capacitor_SMD:C_0805_2012Metric_Pad1.15x1.40mm_HandSolder (layer B.Cu) (tedit 5B36C52B) (tstamp 5D2D3AC4)
    (at 158.2 4.6 180)
    (descr "Capacitor SMD 0805 (2012 Metric), square (rectangular) end terminal, IPC_7351 nominal with elongated pad for handsoldering. (Body size source: https://docs.google.com/spreadsheets/d/1BsfQQcO9C6DZCsRaXUlFlo91Tg2WpOkGARC1WS5S8t0/edit?usp=sharing), generated with kicad-footprint-generator")
    (tags "capacitor handsolder")
    (path /5D26467F)
    (attr smd)
    (fp_text reference C5 (at 0 1.65) (layer B.SilkS)
      (effects (font (size 1 1) (thickness 0.15)) (justify mirror))
    )
    (fp_text value 4.7u (at 0 -1.65) (layer B.Fab)
      (effects (font (size 1 1) (thickness 0.15)) (justify mirror))
    )
    (fp_line (start -1 -0.6) (end -1 0.6) (layer B.Fab) (width 0.1))
    (fp_line (start -1 0.6) (end 1 0.6) (layer B.Fab) (width 0.1))
    (fp_line (start 1 0.6) (end 1 -0.6) (layer B.Fab) (width 0.1))
    (fp_line (start 1 -0.6) (end -1 -0.6) (layer B.Fab) (width 0.1))
    (fp_line (start -0.261252 0.71) (end 0.261252 0.71) (layer B.SilkS) (width 0.12))
    (fp_line (start -0.261252 -0.71) (end 0.261252 -0.71) (layer B.SilkS) (width 0.12))
    (fp_line (start -1.85 -0.95) (end -1.85 0.95) (layer B.CrtYd) (width 0.05))
    (fp_line (start -1.85 0.95) (end 1.85 0.95) (layer B.CrtYd) (width 0.05))
    (fp_line (start 1.85 0.95) (end 1.85 -0.95) (layer B.CrtYd) (width 0.05))
    (fp_line (start 1.85 -0.95) (end -1.85 -0.95) (layer B.CrtYd) (width 0.05))
    (fp_text user %R (at 0 0) (layer B.Fab)
      (effects (font (size 0.5 0.5) (thickness 0.08)) (justify mirror))
    )
    (pad 1 smd roundrect (at -1.025 0 180) (size 1.15 1.4) (layers B.Cu B.Paste B.Mask) (roundrect_rratio 0.217391)
      (net 2 VCC))
    (pad 2 smd roundrect (at 1.025 0 180) (size 1.15 1.4) (layers B.Cu B.Paste B.Mask) (roundrect_rratio 0.217391)
      (net 1 +5V))
    (model ${KISYS3DMOD}/Capacitor_SMD.3dshapes/C_0805_2012Metric.wrl
      (at (xyz 0 0 0))
      (scale (xyz 1 1 1))
      (rotate (xyz 0 0 0))
    )
  )

  (module Capacitor_SMD:C_0805_2012Metric_Pad1.15x1.40mm_HandSolder (layer B.Cu) (tedit 5B36C52B) (tstamp 5D2D3B54)
    (at 153.7 4.6 180)
    (descr "Capacitor SMD 0805 (2012 Metric), square (rectangular) end terminal, IPC_7351 nominal with elongated pad for handsoldering. (Body size source: https://docs.google.com/spreadsheets/d/1BsfQQcO9C6DZCsRaXUlFlo91Tg2WpOkGARC1WS5S8t0/edit?usp=sharing), generated with kicad-footprint-generator")
    (tags "capacitor handsolder")
    (path /5D290981)
    (attr smd)
    (fp_text reference C6 (at 0 1.65) (layer B.SilkS)
      (effects (font (size 1 1) (thickness 0.15)) (justify mirror))
    )
    (fp_text value 1u (at 0 -1.65) (layer B.Fab)
      (effects (font (size 1 1) (thickness 0.15)) (justify mirror))
    )
    (fp_line (start -1 -0.6) (end -1 0.6) (layer B.Fab) (width 0.1))
    (fp_line (start -1 0.6) (end 1 0.6) (layer B.Fab) (width 0.1))
    (fp_line (start 1 0.6) (end 1 -0.6) (layer B.Fab) (width 0.1))
    (fp_line (start 1 -0.6) (end -1 -0.6) (layer B.Fab) (width 0.1))
    (fp_line (start -0.261252 0.71) (end 0.261252 0.71) (layer B.SilkS) (width 0.12))
    (fp_line (start -0.261252 -0.71) (end 0.261252 -0.71) (layer B.SilkS) (width 0.12))
    (fp_line (start -1.85 -0.95) (end -1.85 0.95) (layer B.CrtYd) (width 0.05))
    (fp_line (start -1.85 0.95) (end 1.85 0.95) (layer B.CrtYd) (width 0.05))
    (fp_line (start 1.85 0.95) (end 1.85 -0.95) (layer B.CrtYd) (width 0.05))
    (fp_line (start 1.85 -0.95) (end -1.85 -0.95) (layer B.CrtYd) (width 0.05))
    (fp_text user %R (at 0 0) (layer B.Fab)
      (effects (font (size 0.5 0.5) (thickness 0.08)) (justify mirror))
    )
    (pad 1 smd roundrect (at -1.025 0 180) (size 1.15 1.4) (layers B.Cu B.Paste B.Mask) (roundrect_rratio 0.217391)
      (net 3 "Net-(C6-Pad1)"))
    (pad 2 smd roundrect (at 1.025 0 180) (size 1.15 1.4) (layers B.Cu B.Paste B.Mask) (roundrect_rratio 0.217391)
      (net 1 +5V))
    (model ${KISYS3DMOD}/Capacitor_SMD.3dshapes/C_0805_2012Metric.wrl
      (at (xyz 0 0 0))
      (scale (xyz 1 1 1))
      (rotate (xyz 0 0 0))
    )
  )

  (module Capacitor_SMD:C_0805_2012Metric_Pad1.15x1.40mm_HandSolder (layer B.Cu) (tedit 5B36C52B) (tstamp 5D2D3B24)
    (at 141.925 -0.7 180)
    (descr "Capacitor SMD 0805 (2012 Metric), square (rectangular) end terminal, IPC_7351 nominal with elongated pad for handsoldering. (Body size source: https://docs.google.com/spreadsheets/d/1BsfQQcO9C6DZCsRaXUlFlo91Tg2WpOkGARC1WS5S8t0/edit?usp=sharing), generated with kicad-footprint-generator")
    (tags "capacitor handsolder")
    (path /5D25CB2A)
    (attr smd)
    (fp_text reference C7 (at 0 1.65) (layer B.SilkS)
      (effects (font (size 1 1) (thickness 0.15)) (justify mirror))
    )
    (fp_text value 22p (at 0 -1.65) (layer B.Fab)
      (effects (font (size 1 1) (thickness 0.15)) (justify mirror))
    )
    (fp_line (start -1 -0.6) (end -1 0.6) (layer B.Fab) (width 0.1))
    (fp_line (start -1 0.6) (end 1 0.6) (layer B.Fab) (width 0.1))
    (fp_line (start 1 0.6) (end 1 -0.6) (layer B.Fab) (width 0.1))
    (fp_line (start 1 -0.6) (end -1 -0.6) (layer B.Fab) (width 0.1))
    (fp_line (start -0.261252 0.71) (end 0.261252 0.71) (layer B.SilkS) (width 0.12))
    (fp_line (start -0.261252 -0.71) (end 0.261252 -0.71) (layer B.SilkS) (width 0.12))
    (fp_line (start -1.85 -0.95) (end -1.85 0.95) (layer B.CrtYd) (width 0.05))
    (fp_line (start -1.85 0.95) (end 1.85 0.95) (layer B.CrtYd) (width 0.05))
    (fp_line (start 1.85 0.95) (end 1.85 -0.95) (layer B.CrtYd) (width 0.05))
    (fp_line (start 1.85 -0.95) (end -1.85 -0.95) (layer B.CrtYd) (width 0.05))
    (fp_text user %R (at 0 0) (layer B.Fab)
      (effects (font (size 0.5 0.5) (thickness 0.08)) (justify mirror))
    )
    (pad 1 smd roundrect (at -1.025 0 180) (size 1.15 1.4) (layers B.Cu B.Paste B.Mask) (roundrect_rratio 0.217391)
      (net 4 "Net-(C7-Pad1)"))
    (pad 2 smd roundrect (at 1.025 0 180) (size 1.15 1.4) (layers B.Cu B.Paste B.Mask) (roundrect_rratio 0.217391)
      (net 1 +5V))
    (model ${KISYS3DMOD}/Capacitor_SMD.3dshapes/C_0805_2012Metric.wrl
      (at (xyz 0 0 0))
      (scale (xyz 1 1 1))
      (rotate (xyz 0 0 0))
    )
  )

  (module Capacitor_SMD:C_0805_2012Metric_Pad1.15x1.40mm_HandSolder (layer B.Cu) (tedit 5B36C52B) (tstamp 5D2D3B84)
    (at 141.7 -12.6 180)
    (descr "Capacitor SMD 0805 (2012 Metric), square (rectangular) end terminal, IPC_7351 nominal with elongated pad for handsoldering. (Body size source: https://docs.google.com/spreadsheets/d/1BsfQQcO9C6DZCsRaXUlFlo91Tg2WpOkGARC1WS5S8t0/edit?usp=sharing), generated with kicad-footprint-generator")
    (tags "capacitor handsolder")
    (path /5D25BC75)
    (attr smd)
    (fp_text reference C8 (at 0 1.65) (layer B.SilkS)
      (effects (font (size 1 1) (thickness 0.15)) (justify mirror))
    )
    (fp_text value 22p (at 0 -1.65) (layer B.Fab)
      (effects (font (size 1 1) (thickness 0.15)) (justify mirror))
    )
    (fp_text user %R (at 0 0) (layer B.Fab)
      (effects (font (size 0.5 0.5) (thickness 0.08)) (justify mirror))
    )
    (fp_line (start 1.85 -0.95) (end -1.85 -0.95) (layer B.CrtYd) (width 0.05))
    (fp_line (start 1.85 0.95) (end 1.85 -0.95) (layer B.CrtYd) (width 0.05))
    (fp_line (start -1.85 0.95) (end 1.85 0.95) (layer B.CrtYd) (width 0.05))
    (fp_line (start -1.85 -0.95) (end -1.85 0.95) (layer B.CrtYd) (width 0.05))
    (fp_line (start -0.261252 -0.71) (end 0.261252 -0.71) (layer B.SilkS) (width 0.12))
    (fp_line (start -0.261252 0.71) (end 0.261252 0.71) (layer B.SilkS) (width 0.12))
    (fp_line (start 1 -0.6) (end -1 -0.6) (layer B.Fab) (width 0.1))
    (fp_line (start 1 0.6) (end 1 -0.6) (layer B.Fab) (width 0.1))
    (fp_line (start -1 0.6) (end 1 0.6) (layer B.Fab) (width 0.1))
    (fp_line (start -1 -0.6) (end -1 0.6) (layer B.Fab) (width 0.1))
    (pad 2 smd roundrect (at 1.025 0 180) (size 1.15 1.4) (layers B.Cu B.Paste B.Mask) (roundrect_rratio 0.217391)
      (net 1 +5V))
    (pad 1 smd roundrect (at -1.025 0 180) (size 1.15 1.4) (layers B.Cu B.Paste B.Mask) (roundrect_rratio 0.217391)
      (net 5 "Net-(C8-Pad1)"))
    (model ${KISYS3DMOD}/Capacitor_SMD.3dshapes/C_0805_2012Metric.wrl
      (at (xyz 0 0 0))
      (scale (xyz 1 1 1))
      (rotate (xyz 0 0 0))
    )
  )

  (module keyboard_parts:D_SOD123_axial locked (layer F.Cu) (tedit 561B6A12) (tstamp 5D2CE392)
    (at 0.72 -99)
    (path /5D2F5D89)
    (attr smd)
    (fp_text reference D1 (at 0 1.925) (layer F.SilkS)
      (effects (font (size 0.8 0.8) (thickness 0.15)))
    )
    (fp_text value D (at 0 -1.925) (layer F.SilkS) hide
      (effects (font (size 0.8 0.8) (thickness 0.15)))
    )
    (fp_line (start -2.275 -1.2) (end -2.275 1.2) (layer F.SilkS) (width 0.2))
    (fp_line (start -2.45 -1.2) (end -2.45 1.2) (layer F.SilkS) (width 0.2))
    (fp_line (start -2.625 -1.2) (end -2.625 1.2) (layer F.SilkS) (width 0.2))
    (fp_line (start -3.025 1.2) (end -3.025 -1.2) (layer F.SilkS) (width 0.2))
    (fp_line (start -2.8 -1.2) (end -2.8 1.2) (layer F.SilkS) (width 0.2))
    (fp_line (start -2.925 -1.2) (end -2.925 1.2) (layer F.SilkS) (width 0.2))
    (fp_line (start -3 -1.2) (end 2.8 -1.2) (layer F.SilkS) (width 0.2))
    (fp_line (start 2.8 -1.2) (end 2.8 1.2) (layer F.SilkS) (width 0.2))
    (fp_line (start 2.8 1.2) (end -3 1.2) (layer F.SilkS) (width 0.2))
    (pad 2 smd rect (at 1.575 0) (size 1.2 1.2) (layers F.Cu F.Paste F.Mask)
      (net 6 "Net-(D1-Pad2)"))
    (pad 1 smd rect (at -1.575 0) (size 1.2 1.2) (layers F.Cu F.Paste F.Mask)
      (net 7 /row0))
    (pad 1 thru_hole rect (at -3.9 0) (size 1.6 1.6) (drill 0.7) (layers *.Cu *.Mask F.SilkS)
      (net 7 /row0))
    (pad 2 thru_hole circle (at 3.9 0) (size 1.6 1.6) (drill 0.7) (layers *.Cu *.Mask F.SilkS)
      (net 6 "Net-(D1-Pad2)"))
    (pad 1 smd rect (at -2.7 0) (size 2.5 0.5) (layers F.Cu)
      (net 7 /row0) (solder_mask_margin -999))
    (pad 2 smd rect (at 2.7 0) (size 2.5 0.5) (layers F.Cu)
      (net 6 "Net-(D1-Pad2)") (solder_mask_margin -999))
  )

  (module keyboard_parts:D_SOD123_axial locked (layer F.Cu) (tedit 561B6A12) (tstamp 5D2CE3A5)
    (at 19.77 -99)
    (path /5D2FCD27)
    (attr smd)
    (fp_text reference D2 (at 0 1.925) (layer F.SilkS)
      (effects (font (size 0.8 0.8) (thickness 0.15)))
    )
    (fp_text value D (at 0 -1.925) (layer F.SilkS) hide
      (effects (font (size 0.8 0.8) (thickness 0.15)))
    )
    (fp_line (start -2.275 -1.2) (end -2.275 1.2) (layer F.SilkS) (width 0.2))
    (fp_line (start -2.45 -1.2) (end -2.45 1.2) (layer F.SilkS) (width 0.2))
    (fp_line (start -2.625 -1.2) (end -2.625 1.2) (layer F.SilkS) (width 0.2))
    (fp_line (start -3.025 1.2) (end -3.025 -1.2) (layer F.SilkS) (width 0.2))
    (fp_line (start -2.8 -1.2) (end -2.8 1.2) (layer F.SilkS) (width 0.2))
    (fp_line (start -2.925 -1.2) (end -2.925 1.2) (layer F.SilkS) (width 0.2))
    (fp_line (start -3 -1.2) (end 2.8 -1.2) (layer F.SilkS) (width 0.2))
    (fp_line (start 2.8 -1.2) (end 2.8 1.2) (layer F.SilkS) (width 0.2))
    (fp_line (start 2.8 1.2) (end -3 1.2) (layer F.SilkS) (width 0.2))
    (pad 2 smd rect (at 1.575 0) (size 1.2 1.2) (layers F.Cu F.Paste F.Mask)
      (net 8 "Net-(D2-Pad2)"))
    (pad 1 smd rect (at -1.575 0) (size 1.2 1.2) (layers F.Cu F.Paste F.Mask)
      (net 7 /row0))
    (pad 1 thru_hole rect (at -3.9 0) (size 1.6 1.6) (drill 0.7) (layers *.Cu *.Mask F.SilkS)
      (net 7 /row0))
    (pad 2 thru_hole circle (at 3.9 0) (size 1.6 1.6) (drill 0.7) (layers *.Cu *.Mask F.SilkS)
      (net 8 "Net-(D2-Pad2)"))
    (pad 1 smd rect (at -2.7 0) (size 2.5 0.5) (layers F.Cu)
      (net 7 /row0) (solder_mask_margin -999))
    (pad 2 smd rect (at 2.7 0) (size 2.5 0.5) (layers F.Cu)
      (net 8 "Net-(D2-Pad2)") (solder_mask_margin -999))
  )

  (module keyboard_parts:D_SOD123_axial locked (layer F.Cu) (tedit 561B6A12) (tstamp 5D2CE3B8)
    (at 38.82 -99)
    (path /5D3B38F5)
    (attr smd)
    (fp_text reference D3 (at 0 1.925) (layer F.SilkS)
      (effects (font (size 0.8 0.8) (thickness 0.15)))
    )
    (fp_text value D (at 0 -1.925) (layer F.SilkS) hide
      (effects (font (size 0.8 0.8) (thickness 0.15)))
    )
    (fp_line (start 2.8 1.2) (end -3 1.2) (layer F.SilkS) (width 0.2))
    (fp_line (start 2.8 -1.2) (end 2.8 1.2) (layer F.SilkS) (width 0.2))
    (fp_line (start -3 -1.2) (end 2.8 -1.2) (layer F.SilkS) (width 0.2))
    (fp_line (start -2.925 -1.2) (end -2.925 1.2) (layer F.SilkS) (width 0.2))
    (fp_line (start -2.8 -1.2) (end -2.8 1.2) (layer F.SilkS) (width 0.2))
    (fp_line (start -3.025 1.2) (end -3.025 -1.2) (layer F.SilkS) (width 0.2))
    (fp_line (start -2.625 -1.2) (end -2.625 1.2) (layer F.SilkS) (width 0.2))
    (fp_line (start -2.45 -1.2) (end -2.45 1.2) (layer F.SilkS) (width 0.2))
    (fp_line (start -2.275 -1.2) (end -2.275 1.2) (layer F.SilkS) (width 0.2))
    (pad 2 smd rect (at 2.7 0) (size 2.5 0.5) (layers F.Cu)
      (net 9 "Net-(D3-Pad2)") (solder_mask_margin -999))
    (pad 1 smd rect (at -2.7 0) (size 2.5 0.5) (layers F.Cu)
      (net 7 /row0) (solder_mask_margin -999))
    (pad 2 thru_hole circle (at 3.9 0) (size 1.6 1.6) (drill 0.7) (layers *.Cu *.Mask F.SilkS)
      (net 9 "Net-(D3-Pad2)"))
    (pad 1 thru_hole rect (at -3.9 0) (size 1.6 1.6) (drill 0.7) (layers *.Cu *.Mask F.SilkS)
      (net 7 /row0))
    (pad 1 smd rect (at -1.575 0) (size 1.2 1.2) (layers F.Cu F.Paste F.Mask)
      (net 7 /row0))
    (pad 2 smd rect (at 1.575 0) (size 1.2 1.2) (layers F.Cu F.Paste F.Mask)
      (net 9 "Net-(D3-Pad2)"))
  )

  (module keyboard_parts:D_SOD123_axial locked (layer F.Cu) (tedit 561B6A12) (tstamp 5D2CE3CB)
    (at 62.63 -99)
    (path /5D3B391B)
    (attr smd)
    (fp_text reference D4 (at 0 1.925) (layer F.SilkS)
      (effects (font (size 0.8 0.8) (thickness 0.15)))
    )
